####-Encrypted Data-####
2671,886,32,64,527,2660,2671,878,2821,
####-Encrypted Data-####
230,164,
####-Encrypted Data-####
599,96,298,1316,102,1734,348,87,1092,888,1699,1579,102,478,1988,1926,1316,1228,339,298,602,1734,140,1997,670,582,1797,348,1712,1796,1998,1367,353,441,599,
####-Encrypted Data-####
179,932,315,522,783,315,522,262,873,98,1056,848,315,669,566,993,415,237,13,972,758,220,232,832,867,522,982,998,633,783,851,736,198,100,179,
####-Encrypted Data-####
851,851,633,315,993,669,633,
####-Encrypted Data-####

####-Encrypted Data-####
220,13,993,415,832,
####-Encrypted Data-####
1998,478,1998,670,1579,